F 0
s 21
i 8
o 9
n0 0
p 168
0 0 0 0
0 1 1 1
0 2 0 8
0 3 0 8
0 4 0 8
0 5 0 8
0 6 0 8
0 7 0 8
1 0 0 0
1 1 1 8
1 2 2 1
1 3 3 2
1 4 1 8
1 5 1 8
1 6 1 8
1 7 1 8
2 0 0 0
2 1 2 8
2 2 4 1
2 3 3 2
2 4 2 8
2 5 2 8
2 6 2 8
2 7 2 8
3 0 0 0
3 1 3 8
3 2 3 8
3 3 3 8
3 4 5 3
3 5 6 4
3 6 3 8
3 7 3 8
4 0 0 0
4 1 4 8
4 2 7 1
4 3 3 2
4 4 4 8
4 5 4 8
4 6 4 8
4 7 4 8
5 0 0 0
5 1 5 8
5 2 8 3
5 3 5 8
5 4 5 8
5 5 5 8
5 6 8 3
5 7 9 5
6 0 0 0
6 1 6 8
6 2 10 4
6 3 6 8
6 4 6 8
6 5 6 8
6 6 10 4
6 7 9 5
7 0 0 0
7 1 7 8
7 2 0 0
7 3 3 2
7 4 7 8
7 5 7 8
7 6 7 8
7 7 7 8
8 0 0 0
8 1 8 8
8 2 11 3
8 3 8 8
8 4 8 8
8 5 8 8
8 6 11 3
8 7 9 5
9 0 0 0
9 1 9 8
9 2 9 8
9 3 9 8
9 4 12 6
9 5 13 7
9 6 9 8
9 7 9 8
10 0 0 0
10 1 10 8
10 2 14 4
10 3 10 8
10 4 10 8
10 5 10 8
10 6 14 4
10 7 9 5
11 0 0 0
11 1 11 8
11 2 15 3
11 3 11 8
11 4 11 8
11 5 11 8
11 6 15 3
11 7 9 5
12 0 0 0
12 1 12 8
12 2 16 6
12 3 12 8
12 4 12 8
12 5 12 8
12 6 3 5
12 7 16 6
13 0 0 0
13 1 13 8
13 2 17 7
13 3 13 8
13 4 13 8
13 5 13 8
13 6 3 5
13 7 17 7
14 0 0 0
14 1 14 8
14 2 15 4
14 3 14 8
14 4 14 8
14 5 14 8
14 6 15 4
14 7 9 5
15 0 0 0
15 1 15 8
15 2 0 0
15 3 15 8
15 4 15 8
15 5 15 8
15 6 0 0
15 7 9 5
16 0 0 0
16 1 16 8
16 2 18 6
16 3 16 8
16 4 16 8
16 5 16 8
16 6 3 5
16 7 18 6
17 0 0 0
17 1 17 8
17 2 19 7
17 3 17 8
17 4 17 8
17 5 17 8
17 6 3 5
17 7 19 7
18 0 0 0
18 1 18 8
18 2 20 6
18 3 18 8
18 4 18 8
18 5 18 8
18 6 3 5
18 7 20 6
19 0 0 0
19 1 19 8
19 2 20 7
19 3 19 8
19 4 19 8
19 5 19 8
19 6 3 5
19 7 20 7
20 0 0 0
20 1 20 8
20 2 0 0
20 3 20 8
20 4 20 8
20 5 20 8
20 6 3 5
20 7 0 0
