F 0
s 3
i 20
o 10
n0 0
p 60
0 0 0 0
0 1 0 0
0 2 0 0
0 3 1 1
0 4 1 1
0 5 0 9
0 6 0 9
0 7 0 9
0 8 0 9
0 9 0 9
0 10 0 9
0 11 0 9
0 12 0 9
0 13 0 9
0 14 0 9
0 15 0 9
0 16 0 9
0 17 0 9
0 18 0 9
0 19 0 9
1 0 1 0
1 1 0 2
1 2 2 3
1 3 1 9
1 4 1 9
1 5 0 4
1 6 1 9
1 7 1 9
1 8 1 9
1 9 1 9
1 10 1 9
1 11 1 9
1 12 1 9
1 13 1 9
1 14 1 9
1 15 1 9
1 16 1 9
1 17 1 9
1 18 1 9
1 19 1 9
2 0 2 8
2 1 2 0
2 2 2 0
2 3 2 9
2 4 2 9
2 5 0 4
2 6 2 3
2 7 2 3
2 8 2 3
2 9 2 3
2 10 2 3
2 11 2 5
2 12 2 6
2 13 2 6
2 14 2 6
2 15 2 5
2 16 2 7
2 17 2 7
2 18 2 7
2 19 2 5
