F 0
s 13
i 6
o 8
n0 0
p 78
0 0 0 0
0 1 0 0
0 2 0 0
0 3 1 1
0 4 0 7
0 5 0 7
1 0 3 4
1 1 0 2
1 2 0 2
1 3 1 7
1 4 2 0
1 5 0 3
2 0 3 4
2 1 0 2
2 2 0 2
2 3 2 7
2 4 4 0
2 5 0 3
3 0 3 5
3 1 6 6
3 2 0 2
3 3 3 7
3 4 5 0
3 5 0 3
4 0 3 4
4 1 0 2
4 2 0 2
4 3 4 7
4 4 7 0
4 5 0 3
5 0 5 5
5 1 6 6
5 2 0 2
5 3 5 7
5 4 8 0
5 5 0 3
6 0 6 5
6 1 6 5
6 2 0 2
6 3 6 7
6 4 9 0
6 5 0 2
7 0 7 7
7 1 0 2
7 2 0 2
7 3 1 1
7 4 7 7
7 5 0 3
8 0 8 5
8 1 6 6
8 2 0 2
8 3 8 7
8 4 10 0
8 5 0 3
9 0 6 5
9 1 6 5
9 2 0 2
9 3 9 7
9 4 11 0
9 5 0 2
10 0 10 7
10 1 10 7
10 2 0 2
10 3 1 1
10 4 10 7
10 5 0 3
11 0 6 5
11 1 6 5
11 2 0 2
11 3 11 7
11 4 12 0
11 5 0 2
12 0 12 7
12 1 12 7
12 2 0 2
12 3 1 1
12 4 12 7
12 5 0 2
